# WaveFront *.obj file (generated by CINEMA 4D)

v -2.76328635215759 184.51734924316406 260.60006713867188
v -17.33461952209473 179.53977966308594 263.65493774414062
v -1.11985313892365 189.10209655761719 275.66082763671875
v -15.69118595123291 184.12451171875 278.71566772460938
v 24.12717819213867 57.68038558959961 278.49053955078125
v 38.81639099121094 62.3115119934082 275.47784423828125
v 41.11949920654297 64.95741271972656 290.77462768554688
v 26.43028450012207 60.32628631591797 293.78732299804688
v 25.56203842163086 184.05853271484375 248.80691528320312
v 9.96812534332275 185.70831298828125 249.54194641113281
v 10.85105991363525 186.56272888183594 265.32284545898438
v 26.44497489929199 184.91293334960938 264.58782958984375
v 36.08081436157227 263.14047241210938 254.384033203125
v 20.53535270690918 265.154541015625 255.14476013183594
v 21.14713478088379 263.97039794921875 270.78189086914062
v 36.69259643554688 261.95632934570312 270.02117919921875
v 37.462646484375 275.03662109375 270.06045532226562
v 36.92241668701172 276.082275390625 256.25228881835938
v 23.73542594909668 276.81512451171875 270.73220825195312
v 23.19519805908203 277.86077880859375 256.92401123046875
v 34.37644195556641 188.09585571289062 282.34909057617188
v 20.00192260742188 182.55574035644531 285.36776733398438
v 35.97738647460938 192.34173583984375 297.51339721679688
v 21.60286521911621 186.80162048339844 300.53204345703125
v 66.17520904541016 60.30718231201172 296.887451171875
v 80.67938995361328 65.50400543212891 293.90115356445312
v 83.00593566894531 67.82876586914062 309.24649047851562
v 68.50175476074219 62.63193893432617 312.2327880859375
v 68.61459350585938 192.98701477050781 294.06167602539062
v 53.58985137939453 189.74180603027344 297.24880981445312
v 55.97311782836914 193.787353515625 312.36502075195312
v 70.99786376953125 197.03256225585938 309.17788696289062
v 47.15197372436523 294.77606201171875 284.45132446289062
v 32.05154418945312 291.88980102539062 287.60455322265625
v 34.85834121704102 293.92672729492188 302.910400390625
v 49.95876693725586 296.81298828125 299.75717163085938
v 46.26862335205078 310.91061401367188 297.9482421875
v 43.67445373535156 309.02798461914062 283.8018798828125
v 32.31212615966797 308.24298095703125 300.86260986328125
v 29.71796035766602 306.36038208007812 286.71624755859375
v 19.24044609069824 191.87570190429688 295.7894287109375
v 3.83139801025391 189.18832397460938 297.12039184570312
v 20.05747032165527 195.13435363769531 311.2574462890625
v 4.64842176437378 192.44697570800781 312.58840942382812
v 24.95008087158203 53.77907943725586 306.22613525390625
v 40.415771484375 56.10327911376953 304.91958618164062
v 41.54977798461914 57.32949447631836 320.5242919921875
v 26.08408737182617 55.00529861450195 321.83084106445312
v 28.6851749420166 190.49893188476562 297.57882690429688
v 13.75046634674072 190.89566040039062 302.39849853515625
v 18.60502052307129 194.73088073730469 316.968017578125
v 33.53973007202148 194.33415222167969 312.14834594726562
v 29.62558364868164 273.89306640625 287.20480346679688
v 14.69499588012695 274.65533447265625 291.97900390625
v 19.52648162841797 276.44491577148438 306.80300903320312
v 34.45706939697266 275.68264770507812 302.02877807617188
v 33.45548248291016 289.29067993164062 299.74078369140625
v 29.18909645080566 287.71041870117188 286.65066528320312
v 20.27123069763184 289.96377563476562 303.95660400390625
v 16.00484657287598 288.38351440429688 290.866455078125
v 39.93605804443359 178.70736694335938 258.30999755859375
v 25.74742126464844 182.1448974609375 252.53953552246094
v 33.74616622924805 177.27365112304688 272.80746459960938
v 19.55752944946289 180.71116638183594 267.0369873046875
v 2.30443334579468 18.73383140563965 201.81141662597656
v 16.44306373596191 14.94775009155273 207.47367858886719
v 9.97333335876465 11.56339740753174 221.3656005859375
v -4.16529655456543 15.34947967529297 215.70332336425781
v 49.71846008300781 175.02978515625 184.51113891601562
v 34.04020309448242 175.81558227539062 184.42747497558594
v 34.08302307128906 177.38050842285156 200.17852783203125
v 49.76128005981445 176.5947265625 200.26219177246094
v 54.33206939697266 237.78129577636719 186.50337219238281
v 38.68081283569336 238.93429565429688 186.43136596679688
v 38.57254409790039 238.44425964355469 202.11717224121094
v 54.22380447387695 237.291259765625 202.18917846679688
v 54.38924026489258 252.00090026855469 201.73159790039062
v 54.48484039306641 252.43360900878906 187.88044738769531
v 40.56860733032227 253.01902770996094 201.66801452636719
v 40.66421127319336 253.45175170898438 187.81686401367188
v -24.93087005615234 174.61351013183594 224.05961608886719
v -40.17679977416992 177.89402770996094 222.26181030273438
v -26.61507034301758 175.17463684082031 239.78842163085938
v -41.86100006103516 178.45515441894531 237.9906005859375
v -71.32096099853516 39.79685974121094 205.16412353515625
v -56.15549468994141 36.15957260131836 206.91777038574219
v -58.28995513916016 34.72417831420898 222.39938354492188
v -73.45542907714844 38.36146545410156 220.64573669433594
v -22.99124908447266 176.16055297851562 207.21711730957031
v -36.24547958374023 181.48977661132812 200.70887756347656
v -43.90724182128906 178.91114807128906 214.3175048828125
v -30.65300941467285 173.58192443847656 220.82572937011719
v -17.27677726745605 204.58171081542969 220.66062927246094
v -30.46513175964355 210.23858642578125 214.30738830566406
v -38.49555206298828 205.826416015625 227.04872131347656
v -25.30719757080078 200.1695556640625 233.4019775390625
v -23.66591644287109 210.42161560058594 236.85610961914062
v -16.57475662231445 214.31773376464844 225.60502624511719
v -35.31172180175781 215.41683959960938 231.24594116210938
v -28.2205638885498 219.31294250488281 219.994873046875
v 74.76439666748047 172.94259643554688 257.46566772460938
v 60.74053573608398 179.171142578125 254.15377807617188
v 70.40682983398438 171.03703308105469 272.56292724609375
v 56.38296508789062 177.26556396484375 269.25100708007812
v 11.86587238311768 51.06225204467773 203.93766784667969
v 25.76643562316895 44.51052474975586 207.12287902832031
v 20.71884727478027 40.79630279541016 221.51116943359375
v 6.818284034729 47.34803009033203 218.32595825195312
v 69.89684295654297 178.43707275390625 198.40995788574219
v 54.32770156860352 177.31072998046875 200.07283020019531
v 55.7952880859375 180.48881530761719 215.50955200195312
v 71.36443328857422 181.61515808105469 213.84669494628906
v 64.92285919189453 267.73477172851562 192.46873474121094
v 49.33327484130859 266.97543334960938 194.10719299316406
v 50.91526412963867 268.09967041015625 209.68055725097656
v 66.50485229492188 268.85903930664062 208.04209899902344
v 64.68708801269531 283.35433959960938 206.25543212890625
v 63.29013061523438 282.361572265625 192.50357055664062
v 50.92090606689453 282.68380737304688 207.70223999023438
v 49.52395248413086 281.6910400390625 193.95037841796875
v -23.86562347412109 189.93858337402344 334.3489990234375
v -11.33671855926514 186.64500427246094 337.56744384765625
v -20.43658256530762 190.48275756835938 321.32168579101562
v -7.87376880645752 187.17953491210938 324.555908203125
v -33.95585250854492 82.96925354003906 313.83331298828125
v -48.61001586914062 87.19232177734375 310.12954711914062
v -44.11982345581055 89.7818603515625 295.31643676757812
v -29.46566200256348 85.55879211425781 299.02017211914062
v -24.01928329467773 196.58006286621094 337.64730834960938
v -11.99514484405518 201.53047180175781 334.6318359375
v -13.48011207580566 197.33854675292969 321.91180419921875
v -25.53923797607422 192.37191772460938 324.92938232421875
v -58.30070114135742 280.91629028320312 325.478759765625
v -47.96194458007812 284.88726806640625 322.94619750976562
v -49.80839157104492 282.68463134765625 311.95474243164062
v -60.14714813232422 278.71365356445312 314.48733520507812
v 17.69321250915527 181.77949523925781 239.76145935058594
v 3.66639089584351 177.74830627441406 245.54331970214844
v 22.37404632568359 186.3524169921875 254.17411804199219
v 8.3472261428833 182.32121276855469 259.95599365234375
v 54.34048843383789 3.21712207794189 258.40145874023438
v 68.46977233886719 6.89542627334595 252.64559936523438
v 73.72399139404297 9.49349308013916 267.20376586914062
v 59.59471130371094 5.81518888473511 272.95962524414062
v 63.71110153198242 180.61491394042969 227.32408142089844
v 48.02398681640625 181.033203125 227.73844909667969
v 48.53181457519531 182.67561340332031 243.47346496582031
v 64.21892547607422 182.25732421875 243.05911254882812
v 66.42533111572266 233.99064636230469 228.66950988769531
v 50.75692367553711 234.7767333984375 229.0931396484375
v 51.16008758544922 234.36090087890625 244.77629089355469
v 66.82849884033203 233.5748291015625 244.3526611328125
v 66.63290405273438 248.28189086914062 243.82920837402344
v 66.27689361572266 248.64907836914062 229.98040771484375
v 52.79712295532227 248.97602844238281 244.20329284667969
v 52.44111251831055 249.34321594238281 230.3544921875
v -38.41188049316406 182.21540832519531 336.31106567382812
v -24.92207717895508 175.04656982421875 339.9256591796875
v -33.51156997680664 184.007568359375 321.36712646484375
v -20.02176475524902 176.83872985839844 324.981689453125
v -73.97811126708984 65.67312622070312 292.96267700195312
v -87.32754516601562 73.15493011474609 289.48248291015625
v -81.64170074462891 76.69847869873047 275.29055786132812
v -68.29226684570312 69.2166748046875 278.770751953125
v -49.19248580932617 188.3702392578125 301.22665405273438
v -33.65934371948242 189.65817260742188 299.357177734375
v -35.30599594116211 186.53178405761719 283.92794799804688
v -50.83913803100586 185.24385070800781 285.79745483398438
v -50.32145309448242 205.34996032714844 300.1845703125
v -34.76391983032227 206.27102661132812 298.33758544921875
v -36.54708480834961 205.19778442382812 282.7823486328125
v -52.10461807250977 204.2767333984375 284.62933349609375
v -51.68864822387695 213.389404296875 284.87890625
v -50.11404800415039 214.33711242675781 298.61474609375
v -36.37616729736328 215.15043640136719 296.98379516601562
v -37.95077133178711 214.20272827148438 283.24795532226562
v -7.3002724647522 176.27020263671875 226.5972900390625
v -18.80665588378906 169.14706420898438 234.55317687988281
v -1.77068138122559 182.48526000976562 240.06365966796875
v -13.27706432342529 175.36212158203125 248.01954650878906
v 48.28197479248047 58.28394317626953 238.32524108886719
v 59.97900009155273 65.09204864501953 230.38008117675781
v 66.57546234130859 69.54411315917969 243.90643310546875
v 54.87843704223633 62.73601150512695 251.85159301757812
v 61.57144546508789 178.770263671875 210.62651062011719
v 46.05042266845703 177.21766662597656 212.3927001953125
v 47.66524124145508 179.31622314453125 227.99830627441406
v 63.18626403808594 180.86882019042969 226.23211669921875
v 57.53365325927734 232.20429992675781 210.93783569335938
v 41.9848747253418 231.01904296875 212.70616149902344
v 43.75503158569336 231.06195068359375 228.29978942871094
v 59.30381011962891 232.24720764160156 226.53146362304688
v 57.43170928955078 243.54644775390625 225.7891845703125
v 55.86859512329102 243.50856018066406 212.01943969726562
v 43.70156097412109 242.49981689453125 227.35069274902344
v 42.13844680786133 242.46192932128906 213.5809326171875
v -27.22879981994629 179.82087707519531 284.90438842773438
v -41.48020935058594 183.50425720214844 279.44891357421875
v -33.12289047241211 178.47647094726562 299.5330810546875
v -47.37429809570312 182.15985107421875 294.07760620117188
v -61.5465202331543 63.80477523803711 242.48359680175781
v -47.35337448120117 59.77384567260742 247.83175659179688
v -53.57351684570312 56.48447418212891 261.85980224609375
v -67.76666259765625 60.51540374755859 256.51165771484375
v -18.2600040435791 180.08259582519531 234.51679992675781
v -32.45504760742188 183.73143005371094 228.89373779296875
v -38.38838195800781 183.029296875 243.55145263671875
v -24.19333839416504 179.38044738769531 249.17453002929688
v -14.46692848205566 201.36434936523438 240.21588134765625
v -28.59946823120117 205.36387634277344 234.68672180175781
v -34.8825798034668 202.69923400878906 248.81890869140625
v -20.75004005432129 198.69970703125 254.34806823730469
v -19.63249969482422 207.93516540527344 255.56706237792969
v -14.08427810668945 210.28814697265625 243.08781433105469
v -32.11205673217773 211.46690368652344 250.68461608886719
v -26.56383514404297 213.81986999511719 238.20536804199219
v 23.2636775970459 182.00434875488281 221.47415161132812
v 7.85019159317017 182.62538146972656 224.38461303710938
v 26.31180953979492 185.35931396484375 236.639892578125
v 10.89832401275635 185.9803466796875 239.55035400390625
v -0.35074433684349 6.60584163665771 240.913818359375
v 15.04567241668701 5.6184287071228 238.03775024414062
v 17.99827766418457 6.92308902740479 253.39602661132812
v 2.60186219215393 7.9105019569397 256.2720947265625
v 50.7607421875 177.78610229492188 198.33340454101562
v 35.17351150512695 175.97341918945312 198.76290893554688
v 35.43233871459961 177.88919067382812 214.47306823730469
v 51.01956939697266 179.70185852050781 214.04356384277344
v 45.37197113037109 236.20501708984375 198.997314453125
v 29.75090217590332 234.7591552734375 199.43098449707031
v 30.19907760620117 234.62222290039062 215.11782836914062
v 45.82014465332031 236.06808471679688 214.68415832519531
v 43.53387069702148 250.58895874023438 213.95802307128906
v 43.13811874389648 250.70988464355469 200.10595703125
v 29.73989105224609 249.31221008300781 214.34097290039062
v 29.34413719177246 249.43312072753906 200.48890686035156
v -27.99267959594727 190.09971618652344 299.75204467773438
v -42.8866081237793 187.60801696777344 295.46316528320312
v -32.45668029785156 190.99357604980469 314.911865234375
v -47.35060882568359 188.50187683105469 310.62298583984375
v -18.59471321105957 27.81998825073242 290.04656982421875
v -3.64544725418091 29.94769287109375 294.3231201171875
v -7.79977512359619 28.80457305908203 309.41390991210938
v -22.7490406036377 26.6768684387207 305.13735961914062
v -1.38337349891663 188.48765563964844 283.12142944335938
v -16.80195045471191 185.54331970214844 283.2965087890625
v -17.18903541564941 188.74969482421875 298.79217529296875
v -1.77045798301697 191.69403076171875 298.61712646484375
v -13.56614208221436 261.20831298828125 277.606689453125
v -29.0454158782959 258.62628173828125 277.75430297851562
v -29.09282875061035 259.80511474609375 293.40371704101562
v -13.61355590820312 262.38714599609375 293.25613403320312
v -16.93155097961426 276.58575439453125 291.25613403320312
v -16.88968467712402 275.54483032226562 277.43710327148438
v -30.6003246307373 274.30572509765625 291.386474609375
v -30.55845642089844 273.26480102539062 277.56744384765625
v -58.21989059448242 166.98991394042969 226.03529357910156
v -70.22799682617188 157.9442138671875 230.55332946777344
v -56.42863464355469 172.12124633789062 240.901611328125
v -68.43673706054688 163.07553100585938 245.41964721679688
v 34.89715194702148 16.98406028747559 242.10398864746094
v 47.12501525878906 25.73510360717773 237.61009216308594
v 50.14607620239258 29.21740913391113 252.61154174804688
v 37.918212890625 20.46636390686035 257.10543823242188
v 19.05193328857422 176.36177062988281 214.24514770507812
v 3.38147306442261 177.08712768554688 213.65968322753906
v 2.9063994884491 178.49607849121094 229.41835021972656
v 18.57686042785645 177.77072143554688 230.00381469726562
v 23.09391403198242 235.59902954101562 216.84559631347656
v 7.44850826263428 236.69157409667969 216.2762451171875
v 6.83322858810425 236.04573059082031 231.94471740722656
v 22.47863578796387 234.95318603515625 232.51405334472656
v 22.59670448303223 249.66717529296875 232.20590209960938
v 23.1400203704834 250.23747253417969 218.37007141113281
v 8.78123092651367 250.63192749023438 231.70315551757812
v 9.32454490661621 251.20222473144531 217.86732482910156
v 14.7708101272583 188.93988037109375 326.98666381835938
v -0.25734293460846 191.66535949707031 323.35919189453125
v 10.99616050720215 188.28901672363281 342.34487915039062
v -4.03199243545532 191.01448059082031 338.7174072265625
v -22.88664054870605 44.56608581542969 291.12283325195312
v -7.91323089599609 41.48476028442383 294.67233276367188
v -11.99423027038574 38.84249877929688 309.5941162109375
v -26.9676399230957 41.92382431030273 306.04464721679688
v 2.67026233673096 192.70399475097656 298.37326049804688
v -12.87969303131104 190.55390930175781 298.28268432617188
v -13.15475368499756 192.2335205078125 314.01956176757812
v 2.3952009677887 194.38359069824219 314.11013793945312
v -6.81586599349976 275.51425170898438 300.29110717773438
v -22.40773391723633 273.73004150390625 300.20901489257812
v -22.44823837280273 273.362060546875 315.89846801757812
v -6.85636854171753 275.146240234375 315.9805908203125
v -9.43386077880859 289.6246337890625 315.39547729492188
v -9.39809513092041 289.9495849609375 301.54107666015625
v -23.20205879211426 288.04913330078125 315.32296752929688
v -23.16629409790039 288.37408447265625 301.46859741210938
v -4.68339014053345 176.45265197753906 184.72433471679688
v -20.00436210632324 176.15438842773438 188.1318359375
v -1.28138482570648 178.80270385742188 200.00340270996094
v -16.60235786437988 178.50444030761719 203.41090393066406
v -20.06206703186035 19.70456886291504 191.0950927734375
v -4.74122953414917 19.6345100402832 187.69456481933594
v -1.33998465538025 19.92339134216309 203.01268005371094
v -16.66082191467285 19.99345016479492 206.4132080078125
v 7.87568950653076 178.73774719238281 185.83424377441406
v -6.42376661300659 174.69325256347656 190.89387512207031
v -2.31473803520203 178.77999877929688 205.62345886230469
v 11.98471736907959 182.82449340820312 200.5638427734375
v -13.1320161819458 254.9608154296875 181.62799072265625
v -27.52921295166016 251.27095031738281 186.66804504394531
v -22.87320327758789 253.37306213378906 201.50715637207031
v -8.47600650787354 257.06292724609375 196.46710205078125
v -13.48003959655762 270.83761596679688 195.11520385742188
v -17.59146881103516 268.98138427734375 182.01171875
v -26.19329833984375 267.579345703125 199.56576538085938
v -30.30472755432129 265.72308349609375 186.4622802734375
v -44.52235412597656 167.49296569824219 241.41207885742188
v -55.66351318359375 158.08944702148438 247.23277282714844
v -41.83549499511719 173.34161376953125 255.87307739257812
v -52.97665405273438 163.93807983398438 261.69378662109375
v 55.65497589111328 24.63783836364746 255.71914672851562
v 67.03182220458984 33.75881576538086 249.91641235351562
v 71.03763580322266 38.02625274658203 264.47796630859375
v 59.66078948974609 28.9052734375 270.28070068359375
v 44.39362716674805 180.47850036621094 220.68792724609375
v 28.91901397705078 178.42250061035156 219.03218078613281
v 27.07938385009766 180.04473876953125 234.66964721679688
v 42.55399703979492 182.10073852539062 236.32539367675781
v 37.61525726318359 241.75994873046875 221.66232299804688
v 22.10015106201172 240.07005310058594 220.01240539550781
v 20.48713874816895 239.64350891113281 235.61729431152344
v 36.00224685668945 241.33341979980469 237.2672119140625
v 33.57767105102539 255.82917785644531 236.48979187011719
v 35.00201797485352 256.20584106445312 222.71009826660156
v 19.87726020812988 254.33692932128906 235.03285217285156
v 21.30161094665527 254.71357727050781 221.25314331054688
v -37.97677993774414 182.39447021484375 339.2886962890625
v -51.533203125 186.87876892089844 332.76593017578125
v -45.35832977294922 179.96952819824219 353.0792236328125
v -58.91475296020508 184.45382690429688 346.55645751953125
v -73.96508026123047 43.7362060546875 272.10757446289062
v -60.46126556396484 38.91620254516602 278.48809814453125
v -68.13722991943359 34.61256408691406 291.48251342773438
v -81.64103698730469 39.43257141113281 285.10198974609375
v -22.45814895629883 189.78157043457031 282.89993286132812
v -37.20867538452148 184.77445983886719 280.95489501953125
v -40.13669204711914 187.61053466796875 296.24966430664062
v -25.38616561889648 192.61763000488281 298.1947021484375
v -45.68633651733398 267.24026489257812 275.04135131835938
v -60.54218292236328 262.58438110351562 273.0606689453125
v -62.88081359863281 263.45504760742188 288.55484008789062
v -48.02496719360352 268.11093139648438 290.53549194335938
v -52.05253601074219 279.2802734375 288.53948974609375
v -49.93767166137695 278.492919921875 274.52783203125
v -65.4869384765625 275.06985473632812 286.74832153320312
v -63.3720703125 274.28250122070312 272.7366943359375
v -13.00872325897217 170.3048095703125 189.93888854980469
v -28.25590705871582 173.97053527832031 190.65875244140625
v -12.12308883666992 170.67872619628906 205.73832702636719
v -27.37027168273926 174.34445190429688 206.45819091796875
v -66.33977508544922 32.98812103271484 176.99183654785156
v -51.18824005126953 28.96831703186035 176.23765563964844
v -50.83788681030273 27.36069107055664 191.84500122070312
v -65.98941802978516 31.38049507141113 192.59918212890625
v -18.79121208190918 178.9029541015625 190.44235229492188
v -32.32432174682617 173.97512817382812 196.68765258789062
v -27.52275657653809 178.97660827636719 210.91708374023438
v -13.98964786529541 183.90443420410156 204.67178344726562
v -49.48484039306641 262.20443725585938 184.41156005859375
v -63.14502334594727 257.6214599609375 190.63189697265625
v -57.6323356628418 260.6929931640625 205.00105285644531
v -43.9721565246582 265.27593994140625 198.78071594238281
v -50.36360931396484 278.46780395507812 197.21994018554688
v -55.10893249511719 275.8238525390625 184.8509521484375
v -62.12231063842773 274.52279663085938 202.57441711425781
v -66.86763763427734 271.87881469726562 190.20542907714844
v 9.6243782043457 172.24581909179688 255.68428039550781
v 0.55660283565521 163.69102478027344 265.22491455078125
v 16.26114654541016 179.27670288085938 268.21688842773438
v 7.1933708190918 170.72190856933594 277.75750732421875
v 89.03521728515625 54.20687484741211 256.59271240234375
v 98.33409881591797 62.47568511962891 247.02955627441406
v 106.26422119140625 67.90616607666016 259.43600463867188
v 96.96533203125 59.63735198974609 268.9991455078125
v 76.28781890869141 185.62043762207031 248.04158020019531
v 60.74306106567383 183.67807006835938 247.03157043457031
v 59.50244522094727 185.87202453613281 262.65826416015625
v 75.04720306396484 187.81437683105469 263.66827392578125
v 66.86331176757812 279.76193237304688 246.55931091308594
v 51.2818603515625 278.18609619140625 245.54353332519531
v 50.24657440185547 278.32901000976562 261.2025146484375
v 65.82802581787109 279.90484619140625 262.21829223632812
v 63.51715850830078 294.38995361328125 261.01348876953125
v 64.43135833740234 294.26376342773438 247.18600463867188
v 49.75818252563477 292.9984130859375 260.11651611328125
v 50.67237854003906 292.87222290039062 246.28904724121094
# 396 vertices

vn 0.31997442245483 -0.94048541784286 0.11447077989578
vn 0.93599712848663 0.29507142305374 -0.19194331765175
vn -0.35803464055061 0.90341484546661 -0.23590847849846
vn 0.14675182104111 0.16859585046768 0.97469961643219
vn -0.14675182104111 -0.16859585046768 -0.97469961643219
vn -0.93599712848663 -0.29507142305374 0.19194331765175
vn 0.99733632802963 -0.05859515070915 -0.04343853890896
vn 0.04809438437223 -0.00584382703528 0.99882572889328
vn -0.97887480258942 0.19741252064705 0.05322043597698
vn -0.99054837226868 0.12831471860409 0.04846958816051
vn -0.10225109755993 -0.99297940731049 0.05946939066052
vn 0.03896928578615 -0.07543853670359 0.99638867378235
vn -0.03896928578615 0.07543853670359 -0.99638867378235
vn 0.99054837226868 -0.12831471860409 -0.04846958816051
vn 0.13150230050087 0.98886108398438 0.06971997767687
vn -0.02962520904839 0.14465726912022 -0.98903822898865
vn 0.35197156667709 -0.93188244104385 0.08781319856644
vn 0.92419987916946 0.33112943172455 -0.19028379023075
vn -0.38966771960258 0.89671391248703 -0.20991243422031
vn 0.14822126924992 0.14812752604485 0.97779786586761
vn -0.14822126924992 -0.14812752604485 -0.97779786586761
vn -0.92419987916946 -0.33112943172455 0.19028379023075
vn 0.953080534935 0.22322297096252 -0.20447261631489
vn 0.17037615180016 0.16912613809109 0.97075659036636
vn -0.96972817182541 -0.1442826539278 0.19700191915035
vn -0.96219247579575 -0.18390721082687 0.200907304883
vn 0.24928531050682 -0.94460916519165 0.21347223222256
vn 0.17884902656078 0.12978509068489 0.97527885437012
vn -0.17884902656078 -0.12978509068489 -0.97527885437012
vn 0.96219247579575 0.18390721082687 -0.200907304883
vn -0.2054428756237 0.97433799505234 -0.09197115153074
vn -0.18700380623341 -0.09022058546543 -0.97820746898651
vn 0.15375138819218 -0.98588401079178 0.06628184765577
vn 0.98546242713928 0.14809750020504 -0.08325210213661
vn -0.18472176790237 0.96360945701599 -0.19322189688683
vn 0.0722506865859 0.07812574505806 0.99432200193405
vn -0.0722506865859 -0.07812574505806 -0.99432200193405
vn -0.98546242713928 -0.14809750020504 0.08325210213661
vn 0.95001250505447 0.01746897958219 -0.3117228448391
vn 0.30790832638741 0.17971996963024 0.93428754806519
vn -0.9485234618187 0.11440908163786 0.29531982541084
vn -0.95137071609497 0.04856387525797 0.30419611930847
vn 0.05109450221062 -0.96985805034637 0.23825351893902
vn 0.30784958600998 0.11400216072798 0.94458037614822
vn -0.30784958600998 -0.11400216072798 -0.94458037614822
vn 0.95137071609497 -0.04856387525797 -0.30419611930847
vn 0.01118758879602 0.99228918552399 -0.12343848496675
vn -0.30640968680382 -0.04781303927302 -0.95069819688797
vn -0.13572140038013 -0.94620591402054 -0.29372444748878
vn 0.90091449022293 -0.24122096598148 0.36078456044197
vn 0.16725313663483 0.97158074378967 0.16750313341618
vn -0.41222384572029 -0.21562764048576 0.88519841432571
vn 0.41222384572029 0.21562764048576 -0.88519841432571
vn -0.90091449022293 0.24122096598148 -0.36078456044197
vn 0.99991780519485 -0.01103137712926 0.00653132563457
vn -0.00228128163144 0.03109418228269 0.99951386451721
vn -0.99076092243195 0.13559524714947 -0.00259377853945
vn -0.99728935956955 0.07343809306622 -0.00456253718585
vn -0.05034455657005 -0.99382847547531 0.09884533286095
vn -0.00687513872981 -0.03121937997639 0.99948889017105
vn 0.00687513872981 0.03121937997639 -0.99948889017105
vn 0.99728935956955 -0.07343809306622 0.00456253718585
vn 0.07328332960606 0.99680960178375 0.03162590041757
vn 0.01143785472959 0.09340914338827 -0.99556213617325
vn -0.21841253340244 -0.96846532821655 -0.11987844854593
vn 0.96633714437485 -0.23175591230392 0.11172160506248
vn 0.21171978116035 0.97725480794907 -0.01215631049126
vn -0.13600154221058 -0.09143853187561 0.9864798784256
vn 0.13600154221058 0.09143853187561 -0.9864798784256
vn -0.96633714437485 0.23175591230392 -0.11172160506248
vn 0.85242372751236 -0.28431832790375 0.43879026174545
vn -0.4948251247406 -0.20528648793697 0.84439653158188
vn -0.82233107089996 0.43400979042053 -0.36797705292702
vn -0.84035801887512 0.36044362187386 -0.40481939911842
vn -0.22431668639183 -0.92657977342606 -0.30188062787056
vn -0.51170140504837 -0.28113263845444 0.81186580657959
vn 0.51170140504837 0.28113263845444 -0.81186580657959
vn 0.84035801887512 -0.36044362187386 0.40481939911842
vn 0.17881788313389 0.88940179347992 0.42070019245148
vn 0.52492505311966 0.35498145222664 -0.77359020709991
vn -0.33469703793526 -0.87733751535416 -0.34388482570648
vn 0.88573580980301 -0.41747677326202 0.20294141769409
vn 0.35303962230682 0.9101465344429 0.21678638458252
vn -0.32163518667221 -0.23666374385357 0.91681027412415
vn 0.32163518667221 0.23666374385357 -0.91681027412415
vn -0.88573580980301 0.41747677326202 -0.20294141769409
vn 0.98795610666275 0.11050207912922 -0.1083145365119
vn 0.0971278399229 0.13372266292572 0.98624765872955
vn -0.99488657712936 0.01393766142428 0.10003241151571
vn -0.99336057901382 -0.0483758226037 0.10437677055597
vn 0.09122134745121 -0.97705906629562 0.1924429833889
vn 0.10078270733356 0.07162602990866 0.99232685565948
vn -0.10078270733356 -0.07162602990866 -0.99232685565948
vn 0.99336057901382 0.0483758226037 -0.10437677055597
vn -0.05546919256449 0.99625796079636 -0.06628178060055
vn -0.10406537353992 -0.00925025530159 -0.99452745914459
vn -0.21503365039825 -0.94888561964035 -0.23103381693363
vn 0.93602466583252 -0.25881934165955 0.23847503960133
vn 0.22869461774826 0.96828013658524 0.10065938532352
vn -0.28375577926636 -0.15472190082073 0.94633173942566
vn -0.93138313293457 0.27931496500969 -0.2334707826376
vn 0.28841200470924 0.17525351047516 -0.94133132696152
vn -0.38138437271118 0.91664749383926 -0.11959668248892
vn -0.91409087181091 -0.33960428833961 0.22160062193871
vn 0.4203217625618 -0.87523806095123 0.23934902250767
vn 0.15837545692921 0.2037505954504 0.9661278128624
vn 0.90585017204285 0.35940879583359 -0.22418908774853
vn -0.1666289716959 -0.18394188582897 -0.96871054172516
vn 0.27812823653221 -0.95794856548309 0.07056331634521
vn 0.90030664205551 0.23438161611557 -0.36676037311554
vn -0.3401902616024 0.92253875732422 -0.18218898773193
vn 0.33478671312332 0.16553395986557 0.92764019966125
vn -0.33478671312332 -0.16553395986557 -0.92764019966125
vn -0.90030664205551 -0.23438161611557 0.36676037311554
vn 0.99960219860077 0.0123751051724 -0.02534396387637
vn 0.02878134138882 0.03590636327863 0.99894064664841
vn -0.9932604432106 0.11234493553638 0.02850029990077
vn -0.99838191270828 0.05006284639239 0.02696893550456
vn -0.02375053055584 -0.9942409992218 0.10450233519077
vn 0.02568768151104 -0.02646893821657 0.99931955337524
vn -0.02568768151104 0.02646893821657 -0.99931955337524
vn 0.99838191270828 -0.05006284639239 -0.02696893550456
vn 0.05075098946691 0.99839442968369 0.02515674009919
vn -0.0224378220737 0.0888137742877 -0.99579548835754
vn -0.38104012608528 -0.84955102205276 -0.36478972434998
vn 0.85061776638031 -0.47673219442368 0.22175624966621
vn 0.40506982803345 0.88257843255997 0.23869182169437
vn -0.36229038238525 -0.2257869541645 0.90430408716202
vn -0.85061776638031 0.47673219442368 -0.22175624966621
vn 0.36229038238525 0.2257869541645 -0.90430408716202
vn -0.99293202161789 0.04225109890103 0.11090913414955
vn -0.11972144246101 0.03259448707104 -0.99227231740952
vn 0.97954940795898 0.1590341925621 -0.12325228750706
vn 0.99131494760513 0.05868764594197 -0.11768779158592
vn 0.10347010195255 -0.9769189953804 0.18687744438648
vn -0.11359549313784 -0.06837604939938 -0.99117141962051
vn 0.11359549313784 0.06837604939938 0.99117141962051
vn -0.99131494760513 -0.05868764594197 0.11768779158592
vn -0.06618940085173 0.99593490362167 -0.06109550595284
vn 0.10634477436543 0.16868911683559 0.97991567850113
vn 0.51751428842545 -0.85517978668213 0.0290945507586
vn 0.74533265829086 0.43379297852516 -0.50626367330551
vn -0.58502018451691 0.80065262317657 -0.12925446033478
vn 0.42032259702682 0.28366306424141 0.86189568042755
vn -0.42032259702682 -0.28366306424141 -0.86189568042755
vn -0.74533265829086 -0.43379297852516 0.50626367330551
vn 0.98152267932892 0.15525358915329 -0.11184633523226
vn 0.10637573152781 0.08268807083368 0.9908818602562
vn -0.99361211061478 0.0046875863336 0.11275207996368
vn -0.99076128005981 -0.07550086081028 0.11265753209591
vn 0.11240863054991 -0.98627090454102 0.12097131460905
vn 0.11278375983238 0.00271881045774 0.9936158657074
vn -0.11278375983238 -0.00271881045774 -0.9936158657074
vn 0.99076128005981 0.07550086081028 -0.11265753209591
vn -0.07534494251013 0.99714076519012 0.00578134134412
vn -0.11847001314163 0.07725082337856 -0.9899480342865
vn -0.15815871953964 -0.94345217943192 -0.29134830832481
vn 0.9043869972229 -0.25684717297554 0.34075453877449
vn 0.18731750547886 0.96843212842941 0.16447314620018
vn -0.39632245898247 -0.20959901809692 0.8938661813736
vn 0.39632245898247 0.20959901809692 -0.8938661813736
vn -0.9043869972229 0.25684717297554 -0.34075453877449
vn 0.91283333301544 -0.1600349098444 0.37566486001015
vn -0.38172224164009 -0.07540693879128 0.92119592428207
vn -0.87948924303055 0.34716433286667 -0.32553884387016
vn -0.90051364898682 0.25484761595726 -0.35231781005859
vn -0.19934518635273 -0.97163200378418 -0.1272509098053
vn -0.40035483241081 -0.16978593170643 0.90049362182617
vn 0.40035483241081 0.16978593170643 -0.90049362182617
vn 0.90051364898682 -0.25484761595726 0.35231781005859
vn 0.16966088116169 0.95196348428726 0.25491321086884
vn 0.41507640480995 0.2625088095665 -0.87109166383743
vn -0.04631351679564 -0.9945530295372 0.09337705373764
vn 0.98105084896088 -0.06290750205517 -0.18325366079807
vn -0.00134377239738 0.97645384073257 -0.21572235226631
vn 0.18813003599644 0.08312722295523 0.97861993312836
vn -0.18813003599644 -0.08312722295523 -0.97861993312836
vn -0.98105084896088 0.06290750205517 0.18325366079807
vn 0.98768591880798 0.15412962436676 -0.02684455551207
vn 0.02275066077709 0.05347030237317 0.99831026792526
vn -0.99915814399719 -0.02971880510449 0.02828130312264
vn -0.99536401033401 -0.0921268761158 0.02762556262314
vn 0.11787792295218 -0.98596197366714 0.11825294047594
vn 0.02853192389011 -0.00871895626187 0.99955487251282
vn -0.02853192389011 0.00871895626187 -0.99955487251282
vn 0.99536401033401 0.0921268761158 -0.02762556262314
vn -0.09184572845697 0.99570900201797 0.01131274458021
vn -0.03421946242452 0.07090772688389 -0.99689573049545
vn 0.15019170939922 -0.98809021711349 -0.03346968814731
vn 0.95256644487381 0.13556306064129 0.27246987819672
vn -0.13656550645828 0.98574036359787 -0.09831465780735
vn -0.26469230651855 -0.07281382381916 0.96158003807068
vn 0.26469230651855 0.07281382381916 -0.96158003807068
vn -0.95256644487381 -0.13556306064129 -0.27246987819672
vn 0.97411221265793 0.22562927007675 -0.01403151545674
vn -0.01328126899898 0.1364064514637 0.99056392908096
vn -0.99469590187073 -0.10275086760521 0.0047187898308
vn -0.98633199930191 -0.16450324654579 0.0093751847744
vn 0.18584705889225 -0.96126711368561 0.2035348713398
vn -0.00300004682504 0.07509492337704 0.9971718788147
vn 0.00300004682504 -0.07509492337704 -0.9971718788147
vn 0.98633199930191 0.16450324654579 -0.0093751847744
vn -0.16475211083889 0.98351258039474 -0.0745634585619
vn -0.00725005473942 -0.01350010186434 -0.99988257884979
vn 0.59654796123505 -0.79989743232727 0.06553308665752
vn 0.77914863824844 0.55761069059372 -0.28635242581367
vn -0.63448488712311 0.75101912021637 -0.18275463581085
vn 0.1924716681242 0.2218783646822 0.95588946342468
vn -0.1924716681242 -0.2218783646822 -0.95588946342468
vn -0.77914863824844 -0.55761069059372 0.28635242581367
vn 0.99921578168869 -0.00718770315871 0.03893860056996
vn -0.03487537801266 0.02118772827089 0.99916702508926
vn -0.99072188138962 0.13171917200088 -0.03346885740757
vn -0.99691653251648 0.06959446519613 -0.03625037521124
vn -0.04931304976344 -0.99494862556458 0.0874384790659
vn -0.03918790072203 -0.04112542048097 0.99838519096375
vn 0.03918790072203 0.04112542048097 -0.99838519096375
vn 0.99691653251648 -0.06959446519613 0.03625037521124
vn 0.06800046563148 0.99672555923462 0.04375029727817
vn 0.04337565600872 0.10331406444311 -0.9937025308609
vn -0.14859469234943 -0.9659748673439 -0.21168883144856
vn 0.95410323143005 -0.19631443917751 0.22615849971771
vn 0.1589390039444 0.98397797346115 0.08078200370073
vn -0.26003894209862 -0.16834872961044 0.95080935955048
vn 0.26003894209862 0.16834872961044 -0.95080935955048
vn -0.95410323143005 0.19631443917751 -0.22615849971771
vn 0.98445630073547 0.1755033582449 0.00665637757629
vn -0.00965643953532 0.03862575814128 0.99920707941055
vn -0.99867063760757 -0.05140699073672 -0.00378130446188
vn -0.99350637197494 -0.11365697532892 -0.0052187833935
vn 0.13553406298161 -0.9849266409874 0.10747097432613
vn -0.00256250845268 -0.0234375782311 0.99972200393677
vn 0.00256250845268 0.0234375782311 -0.99972200393677
vn 0.99350637197494 0.11365697532892 0.0052187833935
vn -0.1137527525425 0.99324280023575 0.02300055883825
vn -0.00453134346753 0.08543926477432 -0.99633306264877
vn -0.00034375299583 -0.99982118606567 0.01890641450882
vn 0.97623699903488 -0.00443758256733 -0.2166602909565
vn -0.05053282901645 0.98874962329864 -0.14078564941883
vn 0.21672494709492 0.01840677671134 0.97605913877487
vn -0.21672494709492 -0.01840677671134 -0.97605913877487
vn -0.97623699903488 0.00443758256733 0.2166602909565
vn 0.89902180433273 0.29478839039803 -0.32382035255432
vn 0.27950158715248 0.19381359219551 0.94038033485413
vn -0.93216860294342 -0.17450231313705 0.31719172000885
vn -0.91739004850388 -0.23509760200977 0.321130245924
vn 0.32294553518295 -0.93133568763733 0.16828544437885
vn 0.29666015505791 0.13393926620483 0.94554376602173
vn -0.29666015505791 -0.13393926620483 -0.94554376602173
vn 0.91739004850388 0.23509760200977 -0.321130245924
vn -0.26531556248665 0.96269863843918 -0.0530943647027
vn -0.31266096234322 -0.07353236526251 -0.94701433181763
vn 0.63980120420456 -0.76699262857437 0.0487515181303
vn 0.7249339222908 0.58117842674255 -0.36973288655281
vn -0.68425744771957 0.71135145425797 -0.1605329811573
vn 0.25522339344025 0.27191117405891 0.92786061763763
vn -0.25522339344025 -0.27191117405891 -0.92786061763763
vn -0.7249339222908 -0.58117842674255 0.36973288655281
vn 0.97981762886047 0.16953213512897 0.1059068068862
vn -0.10943798720837 0.03493765369058 0.99337941408157
vn -0.99354803562164 -0.04537576436996 -0.10393925756216
vn -0.98861414194107 -0.10765846818686 -0.10512716323137
vn 0.11856577545404 -0.98612099885941 0.1162219569087
vn -0.1027524471283 -0.02715689688921 0.99433618783951
vn 0.1027524471283 0.02715689688921 -0.99433618783951
vn 0.98861414194107 0.10765846818686 0.10512716323137
vn -0.10990670323372 0.993816614151 0.01578131504357
vn 0.09568764269352 0.08918763697147 -0.99140781164169
vn -0.14278577268124 -0.91131013631821 -0.38616847991943
vn 0.86046069860458 -0.30713325738907 0.40654221177101
vn 0.18522195518017 0.94614136219025 0.26553586125374
vn -0.48910823464394 -0.27422687411308 0.8279932141304
vn 0.48910823464394 0.27422687411308 -0.8279932141304
vn -0.86046069860458 0.30713325738907 -0.40654221177101
vn 0.92690098285675 0.35563495755196 0.11990960687399
vn -0.16656763851643 0.11490979790688 0.97931146621704
vn -0.96261405944824 -0.23653624951839 -0.13200278580189
vn -0.94660890102386 -0.29666098952293 -0.12618951499462
vn 0.28597196936607 -0.93088555335999 0.22731506824493
vn -0.14900444447994 0.05547040700912 0.98727947473526
vn 0.14900444447994 -0.05547040700912 -0.98727947473526
vn 0.94660890102386 0.29666098952293 0.12618951499462
vn -0.28588309884071 0.95337074995041 -0.09672148525715
vn 0.13084626197815 0.0041563292034 -0.99139398336411
vn -0.25962960720062 -0.96120446920395 -0.09315790235996
vn 0.96544879674912 -0.25612798333168 -0.04803181439638
vn 0.23200434446335 0.97204947471619 -0.0359694249928
vn 0.0223130248487 -0.10240865498781 0.99449211359024
vn -0.0223130248487 0.10240865498781 -0.99449211359024
vn -0.96544879674912 0.25612798333168 0.04803181439638
vn 0.84239131212234 0.36075699329376 -0.40028899908066
vn 0.32465919852257 0.26468989253044 0.90803945064545
vn -0.89363938570023 -0.22165982425213 0.39022502303123
vn -0.87042391300201 -0.29200595617294 0.39635181427002
vn 0.40788593888283 -0.89568018913269 0.17716099321842
vn 0.35125315189362 0.19568924605846 0.91560196876526
vn -0.35125315189362 -0.19568924605846 -0.91560196876526
vn 0.87042391300201 0.29200595617294 -0.39635181427002
vn -0.34494432806969 0.93617475032806 -0.06775134801865
vn -0.37590938806534 -0.12562604248524 -0.91810142993927
vn 0.62735468149185 -0.77632600069046 -0.06118856370449
vn 0.592513859272 0.52688729763031 -0.60935795307159
vn -0.70141702890396 0.71219843626022 -0.02806293219328
vn 0.5052901506424 0.34600609540939 0.79054516553879
vn -0.5052901506424 -0.34600609540939 -0.79054516553879
vn -0.592513859272 -0.52688729763031 0.60935795307159
vn 0.98468208312988 0.16234800219536 0.06359541416168
vn -0.072032161057 0.07121965289116 0.99485635757446
vn -0.99712210893631 -0.03806358203292 -0.06556436419487
vn -0.99283903837204 -0.10040892660618 -0.06472047418356
vn 0.11322147399187 -0.98264867067337 0.14690978825092
